0 INTELSAT 1-F1
1 01317U 65028A   15026.19956096  .00000113  00000-0  00000+0 0  5677
2 01317 002.2435 296.5244 0005543 190.8025 281.2025 01.00322504 85475
0 INTELSAT 2-F2
1 02639U 67001A   15025.72727689 -.00000022  00000-0  00000+0 0  9652
2 02639 006.2289 305.7928 0012742 257.4683 252.6843 01.00143355 77549
0 INTELSAT 2-F3
1 02717U 67026A   15019.91633198  .00000112  00000-0  00000+0 0  4048
2 02717 005.2757 307.9813 0022734 263.0912 257.2949 01.00209258 78456
0 INTELSAT 2-F4
1 02969U 67094A   15026.55453958  .00000114  00000-0  00000+0 0  3809
2 02969 005.4189 303.5070 0016857 210.7132 021.0617 01.00343529 75080
0 INTELSAT 3-F2
1 03623U 68116A   15024.77227334 -.00000122  00000-0  00000+0 0  7143
2 03623 013.3107 325.3498 0097087 351.8396 186.8814 00.90193849 88512
0 INTELSAT 3-F4
1 03947U 69045A   15026.28692330 -.00000143  00000-0  00000+0 0  8339
2 03947 013.4503 322.3659 0023913 339.8521 261.9368 00.90044447121720
0 INTELSAT 3-F6
1 04297U 70003A   15026.06092094 -.00000260  00000-0  00000+0 0  5260
2 04297 008.4267 311.3152 0010037 331.1660 189.0854 00.99158896135861
0 INTELSAT 3-F7
1 04376U 70032A   15026.39721619 -.00000308  00000-0  00000+0 0  3900
2 04376 007.1840 306.0123 0002576 258.0743 202.6585 01.00244080163968
0 INTELSAT 3-F8
1 04478U 70055A   15026.13199921 -.00000011  00000-0  00000+0 0   789
2 04478 003.8648 299.1480 0349467 166.1591 090.1210 01.02263600 80325
0 INTELSAT 4-F2
1 04881U 71006A   15025.05193388 -.00000234  00000-0  00000+0 0  4573
2 04881 013.1816 326.6275 0011813 329.7440 165.3875 00.98838475 80507
0 INTELSAT 4-F3
1 05709U 71116A   15025.55224208 -.00000310  00000-0  00000+0 0  8395
2 05709 014.3058 336.3624 0009131 357.7578 140.4192 00.99627592 77450
0 INTELSAT 4-F4
1 05775U 72003A   15023.12011977 -.00000280  00000-0  00000+0 0  3843
2 05775 014.3789 338.7032 0000623 075.0039 050.9773 00.99829367 95838
0 INTELSAT 4-F5
1 06052U 72041A   15025.42761352  .00000068  00000-0  00000+0 0  8048
2 06052 013.8619 333.9167 0005032 173.0994 186.9459 01.00091426 80214
0 INTELSAT 4-F7
1 06796U 73058A   15025.46349274  .00000029  00000-0  00000+0 0  5157
2 06796 014.7357 340.0884 0005007 119.1515 052.0650 00.99144636 94372
0 INTELSAT 4-F8
1 07544U 74093A   15025.29573972 -.00000297  00000-0  00000+0 0  3789
2 07544 014.7058 345.6084 0003212 105.5867 085.0476 00.99787541 83738
0 INTELSAT 4-F1
1 07815U 75042A   15026.92508400  .00000054  00000-0  00000+0 0  2060
2 07815 014.8844 346.4331 0013685 161.4226 359.0398 00.99258654 80734
0 INTELSAT 4A-F1
1 08330U 75091A   15026.86784172 -.00000014  00000-0  00000+0 0  3947
2 08330 014.6226 345.3959 0006305 147.3024 016.1138 00.99917719 79895
0 INTELSAT 4A-F2
1 08620U 76010A   15026.40763429 -.00000222  00000-0  00000+0 0  1357
2 08620 014.7132 345.0484 0007076 184.2756 029.1077 00.99684988579207
0 INTELSAT 4A-F4
1 10024U 77041A   15025.43613919 -.00000158  00000-0  00000+0 0  3195
2 10024 014.9491 350.4025 0014194 158.4376 052.7919 00.99440236 79892
0 INTELSAT 4A-F3
1 10557U 78002A   15024.46940572 -.00000272  00000-0  00000+0 0  1144
2 10557 014.8131 351.8482 0004909 177.2880 055.9381 00.99906580 79782
0 INTELSAT 4A-F6
1 10778U 78035A   15026.82342340 -.00000353  00000-0  00000+0 0  1113
2 10778 014.6723 351.2149 0007984 193.7881 343.6052 01.00174544 80544
0 INTELSAT 502
1 12089U 80098A   15026.05338573 -.00000258  00000-0  00000+0 0   810
2 12089 015.1865 003.6113 0013710 210.3282 255.1861 00.98890505 92566
0 INTELSAT 501
1 12474U 81050A   15025.89087826 -.00000046  00000-0  00000+0 0  7890
2 12474 015.2288 001.5239 0005482 186.1130 348.3579 00.98852093 96621
0 INTELSAT 503
1 12994U 81119A   15025.48561877  .00000062  00000-0  00000+0 0  8619
2 12994 015.0644 004.2612 0024266 133.1167 025.3660 00.99467291 85365
0 INTELSAT 504
1 13083U 82017A   15026.10596148 -.00000283  00000-0  00000+0 0  6968
2 13083 015.1245 004.5111 0032179 133.7468 356.0515 00.99230171100515
0 INTELSAT 505
1 13595U 82097A   15026.33108753 -.00000172  00000-0  00000+0 0  7092
2 13595 015.3395 007.6037 0022738 298.5788 246.2079 00.98408062 87151
0 INTELSAT 506
1 14077U 83047A   15026.05471635 -.00000280  00000-0  00000+0 0  1921
2 14077 015.1672 010.6488 0033918 218.0000 245.1518 00.99164955 82829
0 GALAXY 1
1 14158U 83065A   15025.54200097 -.00000149  00000-0  00000+0 0  7397
2 14158 014.7352 019.9472 0002605 191.3435 010.9523 01.00105868 89088
0 GALAXY 2
1 14365U 83098A   15019.14641500 -.00000251  00000-0  00000+0 0  4728
2 14365 014.6834 020.3845 0003236 338.6908 139.9148 01.00207229 90467
0 INTELSAT 507
1 14421U 83105A   15021.79189742  .00000077  00000-0  00000+0 0  2306
2 14421 015.0558 008.6361 0003116 326.5683 130.4231 00.99689514 95814
0 INTELSAT 508
1 14786U 84023A   15026.63129321 -.00000188  00000-0  00000+0 0  1937
2 14786 015.7221 013.7831 0018391 114.9933 036.0266 00.97293438 74774
0 GALAXY 3
1 15308U 84101A   15026.92319872  .00000065  00000-0  00000+0 0   537
2 15308 014.6243 023.2272 0005465 275.6980 218.6844 00.99830828110747
0 INTELSAT 510
1 15629U 85025A   15025.51625038 -.00000177  00000-0  00000+0 0  3041
2 15629 015.2796 017.1046 0032334 267.1491 215.7904 00.98286616 74363
0 INTELSAT 511
1 15873U 85055A   15025.66262036 -.00000057  00000-0  00000+0 0  1153
2 15873 014.8724 016.9049 0011207 339.3095 255.3254 01.00079358 82889
0 INTELSAT 512
1 16101U 85087A   15026.35277785 -.00000042  00000-0  00000+0 0  1599
2 16101 014.9283 021.2805 0007436 212.9059 282.1342 00.99111111 89085
0 NSS 513 (INTELSAT 513)
1 19121U 88040A   15023.15019388 -.00000124  00000-0  00000+0 0  9335
2 19121 014.6145 025.8000 0011000 355.3485 176.8564 00.98576147 73540
0 INTELSAT 515
1 19772U 89006A   15025.41201336 -.00000219  00000-0  00000+0 0  8207
2 19772 013.8282 031.3923 0019806 009.8529 174.1190 00.99105403 83397
0 INTELSAT 602
1 20315U 89087A   15024.77999818 -.00000247  00000-0  00000+0 0  9705
2 20315 011.0998 041.4534 0004139 114.5738 233.7798 00.99008927 90134
0 INTELSAT 603
1 20523U 90021A   15026.08089876  .00000014  00000-0  00000+0 0  6704
2 20523 010.5331 042.8547 0004162 292.2656 067.7229 00.99475584 83973
0 INTELSAT 604
1 20667U 90056A   15026.77347591 -.00000069  00000-0  00000+0 0  6181
2 20667 010.9522 043.8840 0006917 216.4130 242.8268 00.98432850 92304
0 GALAXY 6
1 20873U 90091B   15026.46344529 -.00000368  00000-0  00000+0 0   853
2 20873 010.4004 044.0192 0004221 136.2729 244.7314 00.99766266 83298
0 INTELSAT 605
1 21653U 91055A   15026.57703758  .00000050  00000-0  00000+0 0  7142
2 21653 008.8287 049.2635 0002447 170.3065 354.4268 00.99322323 85659
0 INTELSAT 601
1 21765U 91075A   15025.29233852 -.00000110  00000-0  00000+0 0  8081
2 21765 008.7823 048.2819 0003553 214.4855 331.6524 00.99594464 84879
0 GALAXY 5
1 21906U 92013A   15026.51892986  .00000030  00000-0  00000+0 0  7096
2 21906 008.6291 049.6610 0013329 348.7526 161.3190 00.99285291 75104
0 NSS K (INTELSAT K)
1 21989U 92032A   15024.64811650 -.00000116  00000-0  00000+0 0  1527
2 21989 010.8872 045.5389 0085985 253.3250 265.5300 00.97181256 92029
0 GALAXY 7
1 22205U 92072A   15024.13859384  .00000092  00000-0  00000+0 0  3314
2 22205 011.9141 039.1635 0009737 265.8836 266.7302 00.99696799 75430
0 HGS 4 (GALAXY 4)
1 22694U 93039A   15024.55420647 -.00000119  00000-0  00000+0 0  8598
2 22694 013.3030 032.7468 0012331 199.6820 165.6814 01.00279599 77265
0 INTELSAT 701
1 22871U 93066A   15027.13781292 -.00000233  00000-0  00000+0 0  5963
2 22871 002.5134 072.0060 0004241 237.4921 196.6656 01.00270137 77735
0 GALAXY 1R
1 23016U 94013A   15025.52043704 -.00000078  00000-0  00000+0 0  1499
2 23016 007.5640 051.4449 0002656 196.3468 256.2105 00.99224160 75937
0 INTELSAT 702
1 23124U 94034A   15025.21506161  .00000137  00000-0  10000-3 0  4199
2 23124 002.8556 070.4879 0003111 244.0014 280.0104 01.00273064 89652
0 INTELSAT 2 (PAS 2)
1 23175U 94040A   15024.42578230  .00000048  00000-0  00000+0 0  6053
2 23175 005.1317 063.3245 0003593 277.8177 180.2841 00.99190781 74402
0 NSS 703 (INTELSAT 703)
1 23305U 94064A   15026.01357451 -.00000191  00000-0  00000+0 0  2552
2 23305 004.4562 062.9241 0005931 219.4861 140.5219 00.99303630 74432
0 INTELSAT 704
1 23461U 95001A   15025.43352686  .00000026  00000-0  00000+0 0  9381
2 23461 004.7275 061.9447 0001956 073.8376 356.5442 00.99180822 73209
0 INTELSAT 705
1 23528U 95013A   15024.33824068 -.00000230  00000-0  00000+0 0  9045
2 23528 004.3147 063.6024 0016204 003.4669 166.7615 00.98976097 72414
0 INTELSAT 706
1 23571U 95023A   15026.12797202  .00000009  00000-0  10000-3 0  2469
2 23571 002.7831 068.8481 0002697 186.7716 173.2559 00.99049471 72088
0 INTELSAT 4 (PAS 4)
1 23636U 95040A   15026.41941131 -.00000077  00000-0  00000+0 0    58
2 23636 004.1272 065.7219 0026335 145.3994 294.0943 00.97126307 70757
0 GALAXY 3R
1 23741U 95069A   15025.43269914  .00000051  00000-0  00000+0 0  7798
2 23741 008.7868 048.2130 0000772 203.6017 255.8071 01.00248235 70087
0 INTELSAT 3R (PAS 3R)
1 23764U 96002A   15025.64834630 -.00000299  00000-0  00000+0 0  7433
2 23764 004.4866 062.5846 0013704 182.7628 266.0578 00.99090558 69578
0 INTELSAT 707
1 23816U 96015A   15026.56792453 -.00000181  00000-0  00000+0 0  9277
2 23816 001.7893 075.7891 0066931 255.0496 183.4198 00.98483151 68998
0 INTELSAT 24 (AMOS 1)
1 23865U 96030B   15026.89915793 -.00000179  00000-0  00000+0 0  2188
2 23865 005.4994 060.4440 0008444 100.9462 086.8668 00.97118509 68171
0 GALAXY 9
1 23877U 96033A   15025.67187883 -.00000344  00000-0  00000+0 0  9989
2 23877 005.3617 059.6701 0008023 066.2745 009.3107 00.99542580 68288
0 INTELSAT 709
1 23915U 96035A   15026.09041757  .00000029  00000-0  00000+0 0   902
2 23915 002.2412 073.4657 0011651 166.5451 355.3665 00.99176847 68128
0 INTELSAT 26 (JCSAT 4)
1 24732U 97007A   15026.60676127 -.00000023  00000-0  00000+0 0  8905
2 24732 006.0102 057.0644 0004064 242.1209 110.5900 01.00272582 65609
0 INTELSAT 801
1 24742U 97009A   15026.06105816 -.00000238  00000-0  00000+0 0  6849
2 24742 005.3796 060.0528 0010733 259.0739 157.8780 00.98737030 65555
0 GALAXY 25 (TELSTAR 5)
1 24812U 97026A   15026.57192464 -.00000178  00000-0  00000+0 0  9922
2 24812 000.0205 061.6842 0002549 239.5957 297.0220 01.00270454 64671
0 INTELSAT 802
1 24846U 97031A   15025.48591655 -.00000109  00000-0  00000+0 0  8887
2 24846 003.3512 067.4817 0028144 194.6078 336.2478 00.98109155 64109
0 INTELSAT 5 (PAS 5)
1 24916U 97046A   15026.39556708 -.00000156  00000-0  00000+0 0   808
2 24916 001.8216 075.6467 0002502 237.9290 111.1453 01.00270466 63919
0 NSS 5 (INTELSAT 803)
1 24957U 97053A   15026.06303251  .00000094  00000-0  00000+0 0   718
2 24957 002.1286 074.0365 0003028 213.3078 270.8311 01.00271902 63520
0 GALAXY 8
1 25086U 97078A   15024.74337105 -.00000239  00000-0  00000+0 0  6658
2 25086 010.4391 043.9133 0006321 290.7943 217.0761 00.99707430 62517
0 INTELSAT 804
1 25110U 97083A   15025.34435355 -.00000146  00000-0  00000+0 0  3671
2 25110 008.4509 049.2089 0004626 225.5527 317.4267 01.00304863 62705
0 NSS 806 (INTELSAT 806)
1 25239U 98014A   15026.37004211 -.00000295  00000-0  00000+0 0  4402
2 25239 000.0473 011.2437 0004276 285.6980 274.0853 01.00272057 61978
0 INTELSAT 805
1 25371U 98037A   15025.51469626 -.00000301  00000-0  10000-3 0  5767
2 25371 000.0332 258.5962 0003175 059.8720 295.7887 01.00270234 60845
0 INTELSAT 7 (PAS 7)
1 25473U 98052A   15026.81131330 -.00000160  00000-0  00000+0 0  1550
2 25473 001.4037 078.8412 0006706 216.0457 104.7059 01.00273482 59931
0 INTELSAT 8 (PAS 8)
1 25522U 98065A   15026.59615942 -.00000047  00000-0  00000+0 0  8720
2 25522 000.0487 248.3202 0003047 035.6696 225.1619 01.00271782 59454
0 INTELSAT 6B (PAS 6B)
1 25585U 98075A   15026.34498420 -.00000139  00000-0  00000+0 0  4406
2 25585 005.8090 058.2890 0016053 066.5800 050.6929 00.99151868 58754
0 GALAXY 26 (TELSTAR 6)
1 25626U 99005A   15026.54337206 -.00000171  00000-0  00000+0 0  6354
2 25626 002.9897 084.2772 0000352 120.2723 054.1349 00.98997280 58398
0 GALAXY 27 (TELSTAR 7)
1 25922U 99052A   15026.06338316 -.00000020  00000-0  00000+0 0  7135
2 25922 001.4808 077.4911 0004031 204.7170 291.8041 01.00272749 56177
0 GALAXY 11
1 26038U 99071A   15025.51469706 -.00000301  00000-0  10000-3 0   884
2 26038 000.0717 260.5281 0000659 277.8803 075.7385 01.00268828 55386
0 GALAXY 10R
1 26056U 00002A   15026.60350221 -.00000322  00000-0  00000+0 0  5100
2 26056 005.6179 058.8206 0001713 087.2140 344.6234 00.99647061 54874
0 GALAXY 4R
1 26298U 00020A   15025.41033704  .00000046  00000-0  00000+0 0  6451
2 26298 007.1382 053.5985 0003861 141.2321 271.7980 00.99839940 54124
0 INTELSAT 9 (PAS 9)
1 26451U 00043A   15026.42774891 -.00000287  00000-0  10000-3 0  4752
2 26451 001.8078 076.0096 0002913 215.5125 304.7295 01.00272340 53139
0 INTELSAT 12 (PAS 12)
1 26590U 00068A   15026.96562491  .00000121  00000-0  00000+0 0  3955
2 26590 000.0098 341.1363 0002663 319.8216 217.5430 01.00271463 52158
0 INTELSAT 1R (PAS 1R)
1 26608U 00072A   15025.18409065 -.00000297  00000-0  10000-3 0   182
2 26608 000.0454 235.6398 0001084 009.2621 255.5066 01.00269430 51950
0 INTELSAT 10 (PAS 10)
1 26766U 01019A   15026.67260245  .00000111  00000-0  00000+0 0  7400
2 26766 000.0094 018.7908 0002582 278.7102 117.7340 01.00271216 50221
0 INTELSAT 901
1 26824U 01024A   15026.81131330 -.00000157  00000-0  00000+0 0  5004
2 26824 000.0192 039.2957 0002677 252.3144 108.1965 01.00270569 49962
0 INTELSAT 902
1 26900U 01039A   15025.06722141  .00000018  00000-0  00000+0 0  4731
2 26900 000.0155 056.2031 0002859 251.1444 262.8711 01.00272735 49065
0 INTELSAT 904
1 27380U 02007A   15026.73751169  .00000033  00000-0  10000-3 0  6359
2 27380 000.0201 029.7596 0003196 264.7703 156.6492 01.00272031 47393
0 INTELSAT 903
1 27403U 02016A   15025.34948867 -.00000254  00000-0  00000+0 0  1899
2 27403 000.0183 041.1688 0003133 267.8819 266.5597 01.00270189 46973
0 INTELSAT 905
1 27438U 02027A   15026.28726580 -.00000201  00000-0  00000+0 0   205
2 27438 000.0454 263.0030 0001886 027.3077 273.8319 01.00270342 46295
0 GALAXY 3C
1 27445U 02030A   15025.62191164 -.00000166  00000-0  10000-3 0  2519
2 27445 000.0132 034.3139 0001213 342.7135 236.3716 01.00269243 46235
0 INTELSAT 906
1 27513U 02041A   15027.05891318 -.00000001  00000-0  00000+0 0  2810
2 27513 000.0423 278.9903 0003921 012.2027 280.1558 01.00271201 45378
0 INTELSAT 907
1 27683U 03007A   15026.28659807 -.00000219  00000-0  00000+0 0  8008
2 27683 000.0220 072.5318 0002724 237.5649 250.8008 01.00271028 43729
0 GALAXY 12
1 27715U 03013B   15026.63669958  .00000043  00000-0  10000-3 0  1730
2 27715 000.0432 251.5708 0001682 029.5013 304.7045 01.00271863 43297
0 GALAXY 23 (TELSTAR 13)
1 27854U 03034A   15026.55654000 -.00000003  00000-0  00000+0 0  1024
2 27854 000.0190 059.4633 0002838 249.6262 255.7653 01.00272224 41930
0 HORIZONS 1 (GALAXY 13)
1 27954U 03044A   15026.34361969  .00000032  00000-0  00000+0 0  9807
2 27954 000.0108 104.2203 0001290 148.6350 229.1221 01.00272581 41515
0 INTELSAT 1002
1 28358U 04022A   15026.06180521 -.00000027  00000-0  10000-3 0    64
2 28358 000.0184 132.5212 0000431 186.7732 186.9986 01.00272404 38917
0 GALAXY 28 (IA 8)
1 28702U 05022A   15025.52300028 -.00000200  00000-0  00000+0 0  8868
2 28702 000.0120 019.9593 0000877 156.7851 046.9921 01.00270200 35152
0 GALAXY 14
1 28790U 05030A   15025.43299834  .00000022  00000-0  10000-3 0  9650
2 28790 000.0218 311.4257 0002141 000.6604 203.1573 01.00271645 34583
0 GALAXY 15
1 28884U 05041A   15027.14910462  .00000063  00000-0  00000+0 0  8999
2 28884 000.0380 263.1524 0001235 046.6397 096.9603 01.00271826 33963
0 GALAXY 16
1 29236U 06023A   15026.53363992 -.00000143  00000-0  10000-3 0  9271
2 29236 000.0507 249.7118 0002467 054.1865 274.6669 01.00270672 31555
