0 DELTA 1 DEB
1  1529U 65051D   16009.77403710 +.00000080 +00000-0 +55429-4 0  9996
2  1529 098.8636 111.3576 0036783 007.8425 352.3320 14.22694701613437
0 THOR BURNER 2 R/B
1 02940U 67080B   16010.54495698  .00000044  00000-0  45126-4 0  9994
2 02940  98.9545 221.3253 0037216 322.2325  37.6237 14.16291645495884
0 THOR BURNER 2 R/B
1 03271U 68042B   16011.17524432  .00000032  00000-0  38259-4 0  9996
2 03271  98.8880 227.8116 0051593 324.4329  35.3410 14.16590315457763
0 THOR BURNER 2 R/B
1 03522U 68092B   16010.46525133  .00000062  00000-0  40516-4 0  9992
2 03522  98.2986 174.7962 0029049 210.4281 149.5217 14.29344947456139
0 THOR BURNER 2 R/B
1 04048U 69062B   16011.53220346  .00000055  00000-0  37806-4 0  9991
2 04048  98.7481 218.2203 0042671 143.7734 216.6351 14.30818736419663
0 THOR BURNER 2 R/B
1 04332U 70012B   16011.20117120  .00000058  00000-0  39000-4 0  9994
2 04332  98.8467 117.9092 0061496 119.6032 241.1296 14.30606846390356
0 THOR BURNER 2 R/B
1  4513U 70070B   16009.88918218 +.00000082 +00000-0 +46327-4 0  9994
2  4513 098.9830 167.0768 0067083 218.5899 141.0479 14.32906299363545
0 THOR BURNER 2 R/B
1 04954U 71012B   16010.51043237  .00000083  00000-0  41893-4 0  9996
2 04954  98.6563 188.1181 0038327  81.7727 278.7803 14.38050040348436
0 THOR BURNER 2 R/B
1 06276U 72089B   16010.69145926  .00000035  00000-0  36068-4 0  9992
2 06276  98.7403 227.9092 0036002 331.1306  28.7878 14.21121977235288
0 THOR BURNER 2 R/B
1 06788U 73054B   16010.47024530  .00000022  00000-0  27882-4 0  9996
2 06788  98.7591 168.1243 0027394 325.6967  34.2442 14.25958686202476
0 THOR BURNER 2A R/B
1 07412U 74063B   16011.06677871  .00000030  00000-0  33066-4 0  9990
2 07412  98.7878 192.2972 0045374 195.2412 164.7402 14.22777101147415
0 DELTA 1 DEB
1 09681U 75004GC  16009.69507601  .00000085  00000-0  38147-4 0  9990
2 09681  98.0248 264.0534 0056850  16.8382 343.4679 14.41312407 94818
0 DELTA 1 DEB
1 12164U 78026D   16009.90444265 +.00000406 +00000-0 +15925-3 0  9992
2 12164 098.4787 353.7210 0065196 236.7622 183.0536 14.33325808960193
0 DELTA 1 DEB
1 12166U 78026F   16010.88311862  .00000145  00000-0  94530-4 0  9999
2 12166  98.7428 347.3644 0037231 273.3174 116.0072 14.16267412800379
0 DELTA 1 DEB
1 12169U 78026J   16010.53810924  .00000211  00000-0  95877-4 0  9996
2 12169  98.4803 357.9726 0072407 118.1471   6.2197 14.29798511815618
0 DELTA 1 DEB
1 12170U 78026K   16011.53397718  .00000126  00000-0  81037-4 0  9998
2 12170  98.7064 348.4818 0044901 144.8445 339.9237 14.18404942802778
0 DELTA 1 DEB
1 12172U 78026M   16011.49712565  .00000124  00000-0  72272-4 0  9995
2 12172  98.6210 353.4659 0061544 118.7578   2.0575 14.23281899809994
0 DELTA 1 DEB
1 12183U 78026Y   16010.53221531  .00000112  00000-0  82293-4 0  9990
2 12183  98.7747 346.1600 0037014 156.6872 327.4619 14.13362054797890
0 DELTA 1 DEB
1 12203U 78026AU  16011.54156108  .00000377  00000-0  14670-3 0  9998
2 12203  98.4218   1.1261 0066012 334.0919 140.7163 14.34040997817770
0 DELTA 1 DEB
1 12204U 78026AV  16010.91810266  .00000159  00000-0  79227-4 0  9999
2 12204  98.5082 358.1007 0081993 199.1088 160.7013 14.27564082813956
0 DELTA 1 DEB
1 12209U 78026BA  16009.91074866  .00000359  00000-0  14490-3 0  9992
2 12209  98.4838 356.3211 0060971 146.3533 273.5519 14.32659972801947
0 DELTA 1 DEB
1 12217U 78026BJ  16010.50470657  .00000296  00000-0  16274-3 0  9998
2 12217  98.6187 344.2516 0020823 291.5978 163.9345 14.18747021799635
0 DELTA 1 DEB
1 12250U 78026CT  16011.18753654  .00000398  00000-0  18967-3 0  9995
2 12250  98.5917 347.2147 0024345 350.5425  74.9844 14.24522792805187
0 DELTA 1 DEB
1 12283U 78026EB  16011.20573096  .00000056  00000-0  39692-4 0  9994
2 12283  98.4878   0.0893 0092920 169.7854 253.9067 14.25538394783840
0 DELTA 1 DEB
1 12294U 78026EN  16010.09153556  .00000246  00000-0  88419-4 0  9999
2 12294  98.2205  29.2527 0097715 219.9519 139.4451 14.39231723825454
0 DELTA 1 DEB
1 13562U 78026EZ  16011.21640200  .00000453  00000-0  19453-3 0  9991
2 13562  98.5304 352.1680 0038296 106.6051 321.3807 14.29013235809090
0 DELTA 1 DEB
1 13563U 78026FA  16010.89196909  .00000153  00000-0  91418-4 0  9996
2 13563  98.6270 357.5675 0045833 109.7718 279.0257 14.19755533742239
0 DELTA 1 DEB
1 13566U 78026FD  16009.92054647 +.00000477 +00000-0 +20188-3 0  9997
2 13566 098.5511 349.3735 0036965 077.9849 335.4199 14.29586616740338
0 DELTA 1 DEB
1 13570U 78026FH  16010.91789596  .00000570  00000-0  20734-3 0  9992
2 13570  98.4723 356.6725 0050170  30.0966 359.2230 14.36148625802499
0 DELTA 1 DEB
1 13574U 78026FM  16009.95365122 +.00000222 +00000-0 +13896-3 0  9998
2 13574 098.5793 354.8833 0039221 196.1803 223.7735 14.13548470767648
0 DELTA 1 DEB
1 13579U 78026FS  16010.63622180  .00000437  00000-0  22317-3 0  9996
2 13579  98.4923 356.8063 0019074 319.8735  40.1033 14.20424084772286
0 DELTA 1 DEB
1 13580U 78026FT  16010.77506497  .00000454  00000-0  17410-3 0  9992
2 13580  98.4800 356.2682 0051592  81.0874 279.6147 14.34330797695850
0 DELTA 1 DEB
1 14913U 78026GN  16009.92570541 +.00000482 +00000-0 +21747-3 0  9998
2 14913 098.6209 350.6318 0099545 079.8972 334.9789 14.23908531703621
0 DELTA 1 DEB
1 14914U 78026GP  16009.92694131 +.00000499 +00000-0 +18746-3 0  9994
2 14914 098.4754 356.5448 0047993 082.6589 330.5396 14.35063027770579
0 ARIANE 1 R/B
1 16615U 86019C   16011.15902106  .00000077  00000-0  45776-4 0  9993
2 16615  98.6808  74.5863 0012562 140.7915 244.4715 14.31556360564664
0 ARIANE 1 DEB
1 16616U 86019D   16010.76952532  .00000132  00000-0  69933-4 0  9991
2 16616  98.6654  77.1040 0007038 313.1738 191.3850 14.28789786554150
0 ARIANE 1 DEB
1 17117U 86019M   16010.55137090  .00001077  00000-0  35139-3 0  9998
2 17117  98.4944  53.8462 0088233 329.8542 203.4699 14.38479264509973
0 ARIANE 1 DEB
1 17121U 86019R   16010.81727895  .00000367  00000-0  15756-3 0  9994
2 17121  98.6120  74.9568 0058983 188.3931 236.3397 14.29524552512870
0 ARIANE 1 DEB
1 17129U 86019Y   16009.82695204 +.00000059 +00000-0 +43959-4 0  9994
2 17129 098.7587 076.7946 0033771 157.5821 320.2816 14.24714902463789
0 ARIANE 1 DEB
1 17478U 86019HR  16010.16524113  .00000173  00000-0  86763-4 0  9997
2 17478  98.6478  80.0852 0041210 112.8957 277.5703 14.27762151513089
0 DELTA 1 DEB
1 17768U 78026HA  16009.95809250 +.00000407 +00000-0 +14232-3 0  9992
2 17768 098.3130 003.9976 0081869 352.4666 060.4412 14.38390328773873
0 ARIANE 1 DEB
1 17815U 86019ME  16009.72563418  .00000315  00000-0  11903-3 0  9994
2 17815  98.4729  77.2278 0029349  70.6384  46.1778 14.37517611514662
0 DELTA 1 DEB
1 18467U 78026HE  16011.46171862  .00000204  00000-0  10590-3 0  9997
2 18467  98.5805 356.6930 0095049 263.9298 226.7095 14.22612337602821
0 DELTA 1 DEB
1 19359U 78026HM  16010.20143610  .00000773  00000-0  26130-3 0  9997
2 19359  98.2923   0.0521 0022216 151.4221 267.6614 14.39395381952643
0 DELTA 1 DEB
1 20029U 78026HS  16009.46615888 +.00000387 +00000-0 +14147-3 0  9996
2 20029 098.3675 002.0436 0064763 209.7037 304.2231 14.37038206393118
0 COBE DEB
1 20324U 89089C   16009.96716303 +.00000297 +00000-0 +17334-3 0  9995
2 20324 098.8237 023.7427 0011442 257.0607 159.2348 14.15887927345640
0 ARIANE 40 R/B
1 20443U 90005H   16011.52874183  .00000186  00000-0  77220-4 0  9991
2 20443  98.7809  34.7119 0011411 108.4586  53.3704 14.37782899359716
0 CZ-4 DEB
1 20792U 90081E   16010.53644968  .00000375  00000-0  21677-3 0  9992
2 20792  98.7323  42.8173 0018015 149.4808 210.7418 14.14794557304263
0 CZ-4 DEB
1 20793U 90081F   16010.89797519  .00000406  00000-0  23121-3 0  9994
2 20793  98.7086  42.8877 0022554 110.2682  12.6453 14.15080151304223
0 CZ-4 DEB
1 20797U 90081G   16010.73891571  .00000343  00000-0  20670-3 0  9990
2 20797  98.7324  43.4528 0008396 209.6894 213.4163 14.13133168303232
0 CZ-4 DEB
1 20798U 90081H   16011.15535630  .00000418  00000-0  23256-3 0  9995
2 20798  98.6809  42.1228 0010845  94.4642 265.7771 14.16192710305010
0 CZ-4 DEB
1 20850U 90081N   16009.94302064 +.00000188 +00000-0 +90202-4 0  9991
2 20850 098.8573 011.0628 0075246 226.2377 193.0905 14.28892898318310
0 CZ-4 DEB
1 20852U 90081Q   16011.52332385  .00000769  00000-0  39494-3 0  9999
2 20852  98.6663  45.3684 0017676  86.8187 273.5010 14.18117635305027
0 CZ-4 DEB
1 20853U 90081R   16011.15625137  .00001238  00000-0  43861-3 0  9994
2 20853  98.4567  62.1688 0023045 285.6916 138.2944 14.36119186309183
0 CZ-4 DEB
1 20858U 90081W   16009.96846829 +.00000848 +00000-0 +27851-3 0  9995
2 20858 098.5830 025.9981 0038371 105.1411 312.3025 14.40408675315494
0 CZ-4 DEB
1 20876U 90081AL  16010.87738574  .00000699  00000-0  30036-3 0  9997
2 20876  98.6405  40.9251 0018247 242.3705 242.8228 14.27761969312469
0 CZ-4 DEB
1 20881U 90081AR  16011.47240569  .00000728  00000-0  29331-3 0  9991
2 20881  98.5807  37.0391 0080368  59.6825 301.2276 14.29185463306587
0 CZ-4 DEB
1 20883U 90081AT  16011.11354664  .00000580  00000-0  25865-3 0  9990
2 20883  98.5563  38.9042 0015365  60.8196 335.2026 14.26388136306197
0 CZ-4 DEB
1 20884U 90081AU  16010.43318349  .00000719  00000-0  39355-3 0  9998
2 20884  98.7999  74.0969 0031066  80.5864 279.8819 14.14782504115790
0 CZ-4 DEB
1 20887U 90081AX  16010.12360571  .00000785  00000-0  28810-3 0  9998
2 20887  98.4885  32.3136 0024134  60.3604 341.1019 14.35323149311537
0 CZ-4 DEB
1 20894U 90081BE  16010.08300416  .00000558  00000-0  25450-3 0  9998
2 20894  98.6367  39.0842 0020823 322.1856  58.6585 14.25421532306580
0 CZ-4 DEB
1 20895U 90081BF  16010.49007175  .00001040  00000-0  34229-3 0  9991
2 20895  98.5742  15.1719 0032263 161.5880 350.1535 14.39977044314693
0 CZ-4 DEB
1 20899U 90081BK  16010.17503690  .00001416  00000-0  50361-3 0  9995
2 20899  98.5534  84.3533 0015205 157.7239 255.3224 14.35809819307154
0 CZ-4 DEB
1 20903U 90081BP  16009.65203053  .00000249  00000-0  12037-3 0  9993
2 20903  98.7580  42.3370 0059092  85.3341  35.6652 14.26074658310702
0 CZ-4 DEB
1 20904U 90081BQ  16010.53590806  .00001107  00000-0  40206-3 0  9991
2 20904  98.4439  38.3347 0027022  61.7160 101.0635 14.34986361309818
0 CZ-4 DEB
1 20912U 90081BV  16011.05021640  .00000601  00000-0  26872-3 0  9994
2 20912  98.6174  39.9198 0016174 307.9684 112.3761 14.26222845305629
0 CZ-4 DEB
1 20915U 90081BY  16010.08424378  .00000262  00000-0  13613-3 0  9996
2 20915  98.7236  43.5032 0036955 315.3221  68.9884 14.22574445306680
0 CZ-4 DEB
1 20969U 90081CB  16010.90410324  .00000815  00000-0  31241-3 0  9993
2 20969  98.5413  35.8378 0048766 196.5101 213.8010 14.32562024309989
0 CZ-4 DEB
1 20972U 90081CE  16011.05289973  .00000563  00000-0  23209-3 0  9993
2 20972  98.5598  37.7710 0019535 178.3957 207.7033 14.30534746308857
0 CZ-4 DEB
1 20974U 90081CG  16010.01162359  .00000529  00000-0  24395-3 0  9997
2 20974  98.6353  38.9478 0015382 351.1273  70.8581 14.25084579306292
0 ARIANE 40 R/B
1 21610U 91050F   16010.55587772  .00000071  00000-0  36557-4 0  9997
2 21610  98.6789  55.7194 0004166  74.3268  86.0514 14.40690697284719
0 CZ-4 DEB
1 21911U 90081CH  16011.55172860  .00000343  00000-0  14977-3 0  9996
2 21911  98.7301  40.9061 0053162 323.9501 189.7364 14.29421962305842
0 ARIANE 40 R/B
1 22830U 93061H   16010.66911318 -.00000005  00000-0  15512-4 0  9991
2 22830  98.8796   7.9979 0011279  21.4730 107.6291 14.31392246163351
0 CZ-4 DEB
1 23254U 90081CK  16010.90487647  .00000535  00000-0  19615-3 0  9995
2 23254  98.6973 351.6297 0072164 356.1276  33.3692 14.35438115138062
0 CZ-4 DEB
1 23258U 90081CP  16011.32573183  .00000207  00000-0  12535-3 0  9997
2 23258  98.7530  44.9035 0021895 199.5129 223.1247 14.16569785222133
0 CZ-4 DEB
1 23259U 90081CQ  16010.04023144  .00000601  00000-0  27390-3 0  9996
2 23259  98.6367  39.1133 0018844   7.3179 352.8272 14.25196174266333
0 CZ-4 DEB
1 23261U 90081CS  16010.02617398  .00001331  00000-0  42784-3 0  9992
2 23261  98.4623  31.5503 0026490  37.3390 351.0691 14.40786208290962
0 IRS P2 R/B
1 23324U 94068B   16010.51334980  .00000012  00000-0  28469-4 0  9998
2 23324  98.9963 332.6453 0056551 296.3224 170.0557 14.17025685 98063
0 ARIANE 40+ R/B
1 23561U 95021B   16010.52752987  .00000113  00000-0  52956-4 0  9993
2 23561  98.7547 354.6664 0007313  17.2490  91.3862 14.37691184 86007
0 SL-6 R/B
1 23753U 95072C   16010.49694300  .00000019  00000-0  26951-4 0  9993
2 23753  98.8324 331.3291 0003367 348.0420 119.2853 14.26484708 42782
0 PSLV R/B
1 23828U 96017B   16010.94332799  .00000018  00000-0  27726-4 0  9997
2 23828  98.6589 311.9117 0034304 153.5359 206.7580 14.21845273 27563
0 NOAA 7 DEB
1 24914U 81059F   16010.99902681  .00000841  00000-0  30200-3 0  9996
2 24914  98.6203   0.7836 0026217 318.0342  41.8835 14.36299043956935
0 ARIANE 40 R/B
1 25261U 98017B   16010.52642296  .00000163  00000-0  74546-4 0  9995
2 25261  98.4828 320.2811 0002917 182.9388 308.2213 14.33418163929993
0 SL-16 R/B
1 25400U 98043G   16010.48039892  .00000005  00000-0  19598-4 0  9997
2 25400  98.4161 331.5881 0010520  34.7160 325.4705 14.25365055910462
0 CZ-4B R/B
1 25732U 99025C   16010.89134291 -.00000013  00000-0  15749-4 0  9994
2 25732  98.9600   1.0941 0038000 139.9072 249.3359 14.17595045862495
0 CZ-4B DEB
1 25733U 99025D   16010.93149993  .00000171  00000-0  10973-3 0  9992
2 25733  98.9720   3.6415 0014179 238.8923 121.0860 14.15914430860546
0 CZ-4 R/B
1 25942U 99057C   16010.86573671  .00000192  00000-0  78157-4 0  9997
2 25942  98.5470 315.5939 0099045 326.7000  93.5903 14.35630867850383
0 DMSP 5D-2 F15 DEB
1 25992U 99067B   16009.90205017 +.00000804 +00000-0 +31173-3 0  9998
2 25992 098.4987 088.8197 0007421 194.6931 218.0816 14.32661633836662
0 DMSP 5D-2 F15 DEB
1 25993U 99067C   16009.86165707 +.00001097 +00000-0 +41994-3 0  9992
2 25993 098.4214 070.7146 0004577 210.2249 211.6474 14.32542117836222
0 CZ-4 DEB
1 26191U 99057CD  16010.38753294  .00000623  00000-0  19954-3 0  9990
2 26191  98.5212 328.8547 0098319 286.5708 191.1883 14.40402049828705
0 CZ-4 DEB
1 26236U 99057EA  16010.48265557  .00000181  00000-0  73122-4 0  9998
2 26236  98.5208 316.0034 0091717 281.7758 194.8250 14.36969568828951
0 CZ-4 DEB
1 26280U 99057FS  16010.81037324  .00000159  00000-0  67649-4 0  9995
2 26280  98.5341 316.2295 0087170 307.2101  81.4997 14.35949978827368
0 CZ-4 DEB
1 26306U 99057GP  16010.06865890  .00000168  00000-0  70287-4 0  9990
2 26306  98.5350 313.2592 0098710 318.8956 100.7094 14.35682133826158
0 CZ-4 DEB
1 26310U 99057GT  16011.11316181  .00000544  00000-0  17525-3 0  9999
2 26310  98.5428 329.8295 0098157 281.2003 139.3374 14.40704421827806
0 CZ-4 DEB
1 26338U 99057HX  16011.10706113  .00000238  00000-0  92025-4 0  9995
2 26338  98.5193 319.8390 0093047 303.5211 120.8425 14.36638076829038
0 CZ-4 DEB
1 26443U 99057KQ  16009.83906311  .00000331  00000-0  11732-3 0  9990
2 26443  98.5372 320.8801 0097890 285.5679 127.7750 14.38467046825076
0 CZ-4 DEB
1 26756U 99057MD  16009.80900987  .00000136  00000-0  57773-4 0  9996
2 26756  98.4847 317.3579 0083543 250.3116 138.9493 14.37989411775872
0 ARIANE 5 R/B
1 27387U 02009B   16010.96539795  .00000016  00000-0  20244-4 0  9992
2 27387  98.3952 325.9843 0031260 258.3647 101.4030 14.35879766726455
0 CZ-4B R/B
1 27432U 02024C   16010.97217907  .00000004  00000-0  24971-4 0  9997
2 27432  98.9145 337.7075 0051500  74.4840 331.8031 14.13999989704851
0 CZ-4B DEB
1 27433U 02024D   16010.99922126  .00000145  00000-0  10341-3 0  9997
2 27433  98.9018 339.9347 0015530  87.8121 272.4828 14.12012425703336
