0 ARIANE 40 R/B
1 22830U 93061H   16010.66911318 -.00000005  00000-0  15512-4 0  9991
2 22830  98.8796   7.9979 0011279  21.4730 107.6291 14.31392246163351
0 ARIANE 40 R/B
1 20443U 90005H   16011.52874183  .00000186  00000-0  77220-4 0  9991
2 20443  98.7809  34.7119 0011411 108.4586  53.3704 14.37782899359716
0 ARIANE 40 R/B
1 21610U 91050F   16010.55587772  .00000071  00000-0  36557-4 0  9997
2 21610  98.6789  55.7194 0004166  74.3268  86.0514 14.40690697284719
0 ARIANE 1 R/B
1 16615U 86019C   16011.15902106  .00000077  00000-0  45776-4 0  9993
2 16615  98.6808  74.5863 0012562 140.7915 244.4715 14.31556360564664
0 ARIANE 42P R/B
1 22079U 92052D   16009.94580404 -.00000001 +00000-0 +26462-3 0  9993
2 22079 066.0657 251.2039 0074578 234.1529 209.1255 12.77839729092405